Chebyshev
2320.0005
[array([54.92804  , 26.796295 , 92.21497  , -0.7687154], dtype=float32)]
[array([[ 5.2850294e+00, -6.7804629e-01, -2.1832702e+00,  1.8200008e-02],
       [-6.7804635e-01,  3.8584125e+00, -1.0999221e+00,  8.8787582e-03],
       [-2.1832702e+00, -1.0999221e+00,  5.6582909e+00, -2.1341778e-02],
       [ 1.8200006e-02,  8.8787582e-03, -2.1341775e-02,  1.7632611e-04]],
      dtype=float32)]
Chebyshev

Trigonometry
52.399036
[array([ 1.4150331 , -0.71497583,  0.06090069,  0.5448775 ], dtype=float32)]
[array([[ 2.27546644e+00,  6.78125620e-02, -1.64461974e-03,
        -1.47143854e-02],
       [ 6.78125620e-02, -4.63556862e+00, -3.44099216e-02,
         7.43476069e-03],
       [-1.64461881e-03, -3.44099253e-02, -5.07751417e+00,
        -1.91606879e-02],
       [-1.47143863e-02,  7.43475975e-03, -1.91606861e-02,
         1.34183485e-02]], dtype=float32)]
Trigonometry
